3 20 90 6 60
  0   -1.044    2.000  0  0    0 90
  1   -2.973    6.414 10  1    0 50
  2   -3.066    0.546 10  1    0 50
  3    5.164    0.547 10  1    0 40
  4   -1.317    6.934 10  1    0 50
  5   -6.741    6.832 10  1    0 50
  6    4.891    0.627 10  1    0 60
  7    0.524    2.226 10  1    0 20
  8   -6.500    7.723 10  1    0 20
  9   -0.417   -0.157 10  1    0 100
 10    2.303    1.164 10  1    0 30
 25   -5.476    1.437 10 -1  258  50
 26   -4.933    3.337 10 -1  329  100
 27    5.740    2.382 10 -1  209  105
 28   -2.275    5.541 10 -1  416  100
 29   -5.662    7.334 10 -1  305  60
 30   -3.856   -0.370 10 -1  432  100
 31   -1.678    1.954 10 -1  202  100
 32   -1.156    1.161 10 -1  225  100
 33   -4.655    9.797 10 -1  102  123
 34    1.623    0.932 10 -1  260  276