2 14 103 5 25
0 0.000 0.000 0 0 0 0
1 -1.811393692170575 1.906141700546546 0 1 0 50
2 -0.29499331431816184 -1.978125108406338 0 1 0 32
3 -6.017175664585631 1.3024194041857746 0 1 0 60
4 -1.6374071047548868 2.11606422958336 0 1 0 54
5 0.6525517178614093 -0.15000433685486958 0 1 0 48
6 -0.04568257993134517 2.845430936147009 0 1 0 48
7 3.462507975844019 4.615932277196298 0 1 0 44
8 -0.18812167841435867 0.7378147046434991 0 -1 0 52
9 -2.114703271690069 -1.1482723075786656 0 -1 0 34
10 -3.669233054686788 -0.1464128159890465 0 -1 0 66
11 -5.659256783736589 -0.3459261183493808 0 -1 0 64
12 1.547907075084984 2.9309475019764717 0 -1 0 52
13 -2.232663398135755 0.20670047555678117 0 -1 0 56
14 -4.220943153329442 0.42290319313205826 0 -1 0 58